Number of Data Samples:  1288
Size of a data sample:  1850
Number of Class Labels:  7

Size of training Data is  966 and Testing Data is  322
Projecting the input data on the eigenfaces orthonormal basis

Sample Data point after applying ICA:
 [-3.36366950e-03  3.52414202e-03  3.60395236e-03 -2.12167351e-02
  8.37742008e-03 -6.10073144e-03  4.17465748e-02 -8.70643488e-03
  2.79571956e-02  4.53859160e-02 -1.05510811e-02 -5.49090609e-03
  4.18665099e-03  2.94815892e-02  1.65146087e-02 -3.20913197e-02
  1.53150199e-01  5.18177027e-02  6.16944238e-03  6.31388005e-02
  4.48897790e-02  3.69264002e-02 -4.72793397e-03 -3.17259880e-02
  7.10924537e-03  1.95144327e-01 -4.41854201e-03  2.82866288e-03
 -1.36236626e-02 -6.94130096e-03  4.61211803e-02  8.28097670e-03
 -5.41074698e-03  4.61717811e-02  8.67848550e-03  2.68928972e-02
 -1.76321515e-02 -7.59552112e-02 -6.00750009e-02 -8.47178076e-02
  1.85026529e-02 -2.72927224e-02 -7.36089005e-02  1.00633659e-04
 -1.01738424e-02  2.62833575e-03  2.28287582e-03  6.05886672e-02
  4.03748995e-02  6.49104872e-03  3.70347560e-03 -4.22040461e-02
 -2.85905240e-03 -2.90597065e-02 -2.51093062e-02  9.64505459e-02
  1.49107753e-02 -3.41330518e-02  3.61565622e-02  1.57164630e-02
  2.28676814e-02 -4.31342309e-02 -2.27366537e-02  1.38204788e-04
 -1.42952939e-02  6.27495170e-02  4.49143043e-03  2.52691127e-03
  3.70091890e-03 -2.74446441e-02  1.93957202e-02 -8.98571048e-03
 -5.41877401e-03  1.83243144e-03 -1.22348624e-02  8.20262905e-02
 -3.49480670e-02  3.45852765e-02 -1.03572513e-01 -1.65857981e-02
  2.22022115e-02  4.38536910e-02  1.77536128e-01 -1.19970208e-02
 -2.38190625e-02 -1.25939403e-02 -3.05086806e-03 -1.45326773e-02
  2.02510173e-02  1.32722191e-03 -4.52737745e-03  9.89370740e-03
 -2.32454948e-03  2.22752866e-02 -6.51594039e-02 -3.93728095e-02
 -2.14097032e-02  1.02001366e-02  1.41063411e-02 -4.81087308e-02
  7.86267444e-02  6.86033987e-03 -1.30203124e-02 -7.63615374e-02
  8.48626477e-03  3.01585419e-02 -2.26048715e-02  1.98844741e-02
 -2.76407617e-02  5.66420383e-02  1.87776204e-02 -1.64595341e-02
  1.43782521e-02  2.93268984e-03 -1.46987462e-02  3.88508514e-02
 -1.23947224e-02  1.38426537e-02  5.37450043e-02 -1.02509765e-02
  1.62648288e-02 -8.18909372e-02 -1.87362483e-02  1.64008803e-02
  1.47359971e-02  6.11255087e-02 -1.04909288e-01 -3.07107096e-02
 -1.43646877e-01 -2.57359890e-02  5.85409408e-03 -1.56662588e-02
 -2.99950655e-02  1.62178561e-02 -1.54596515e-02 -1.45933897e-02
 -2.32958126e-02 -2.12511951e-02 -1.23819994e-02  8.57016978e-03
 -5.67029626e-02 -5.44184205e-02  3.29660900e-03  1.81278427e-02
 -7.67342378e-03 -1.03613030e-02 -1.22676677e-03 -1.44779696e-01
 -4.76764137e-02 -1.14021255e-02]
-----------------------------------------------------

Dimesnsions of training set = (966, 1850) and Test Set = (322, 1850)

Fitting the classifier to the training set
done in 34.348s

Best estimator found by grid search:
SVC(C=10000.0, class_weight='balanced', gamma=0.0001)

Predicting people's names on the test set
                   precision    recall  f1-score   support

     Ariel Sharon       0.50      0.77      0.61        13
     Colin Powell       0.81      0.87      0.84        60
  Donald Rumsfeld       0.73      0.70      0.72        27
    George W Bush       0.96      0.88      0.92       146
Gerhard Schroeder       0.65      0.88      0.75        25
      Hugo Chavez       0.73      0.73      0.73        15
       Tony Blair       0.90      0.75      0.82        36

         accuracy                           0.84       322
        macro avg       0.76      0.80      0.77       322
     weighted avg       0.85      0.84      0.84       322

Confusion Matrix is:
[[ 10   1   2   0   0   0   0]
 [  3  52   1   3   0   1   0]
 [  5   0  19   0   2   0   1]
 [  1   7   3 128   4   3   0]
 [  1   1   0   1  22   0   0]
 [  0   2   0   0   0  11   2]
 [  0   1   1   1   6   0  27]]

